   1.7441667e+00   2.8794444e-01   3.5855556e-01   2.1483333e-01
   2.2480000e+00   3.6283333e-01   4.5216667e-01   2.7200000e-01
   2.9178333e+00   4.7422222e-01   5.9027778e-01   3.5516667e-01
   3.7476667e+00   6.0711111e-01   7.5638889e-01   4.5533333e-01
   4.7713333e+00   7.9055556e-01   9.8369444e-01   5.9191667e-01
   5.9736667e+00   1.0132778e+00   1.2539722e+00   7.5708333e-01
   7.5066667e+00   1.2981111e+00   1.6031389e+00   9.6658333e-01
   9.1901667e+00   1.6434444e+00   2.0235556e+00   1.2213333e+00
   1.1220167e+01   2.0746111e+00   2.5473889e+00   1.5383333e+00
   1.3543000e+01   2.6338333e+00   3.2206667e+00   1.9450000e+00
   1.6169667e+01   3.2846111e+00   4.0063889e+00   2.4203333e+00
   1.8821167e+01   4.0349444e+00   4.9010556e+00   2.9618333e+00
   2.1778000e+01   4.9080000e+00   5.9482500e+00   1.0333333e-01
   2.4670833e+01   5.9192222e+00   7.1495278e+00   1.1666667e-01
   2.7530833e+01   7.0155556e+00   8.4501944e+00   1.4111111e-01
   3.0194667e+01   1.0916667e-01   9.8093056e+00   1.5333333e-01
   3.2694833e+01   1.1750000e-01   1.1221778e+01   1.6333333e-01
   3.4784000e+01   1.1500000e-01   1.0200000e-01   1.6000000e-01
   3.6400000e+01   1.3250000e-01   1.3855417e+01   1.5666667e-01
   3.7645833e+01   1.2333333e-01   1.4988444e+01   1.6666667e-01
   3.8373333e+01   1.2750000e-01   1.5955278e+01   1.6333333e-01
   3.8465000e+01   1.2500000e-01   1.6644167e+01   1.6666667e-01
   3.8098500e+01   1.2333333e-01   1.7007167e+01   1.7000000e-01
   3.7301833e+01   1.1750000e-01   1.7174778e+01   1.6000000e-01
   3.6185000e+01   1.1000000e-01   1.7071167e+01   1.4888889e-01
   3.4683500e+01   1.1833333e-01   1.6679667e+01   1.4111111e-01
   3.2933667e+01   1.0500000e-01   1.6176056e+01   1.4555556e-01
   3.1056167e+01   1.3831944e+01   1.5478806e+01   1.3333333e-01
   2.8832500e+01   1.3246333e+01   1.4637917e+01   1.2666667e-01
   2.6685833e+01   1.2642722e+01   1.3725528e+01   1.1111111e-01
   2.4466167e+01   1.2022111e+01   1.2800139e+01   1.1000000e-01
   2.2334167e+01   1.1378278e+01   1.1854472e+01   1.0111111e-01
   2.0225000e+01   1.0735500e+01   1.0901250e+01   6.8642500e+00
   1.8144833e+01   1.0050222e+01   9.9517778e+00   6.2946667e+00
   1.6343000e+01   9.4046667e+00   9.0910833e+00   5.7862500e+00
   1.4542000e+01   8.6971667e+00   8.2323333e+00   5.2850000e+00
   1.2880667e+01   8.0907778e+00   7.4814722e+00   4.7960833e+00
   1.1368333e+01   7.5432222e+00   6.7507778e+00   4.3511667e+00
   9.9998333e+00   7.0195556e+00   6.1216944e+00   3.9754167e+00
   8.7656667e+00   6.5532778e+00   5.5142222e+00   3.6513333e+00
   7.6613333e+00   6.1072222e+00   4.9347778e+00   3.2516667e+00
   6.6838333e+00   5.6595556e+00   4.4439444e+00   2.9506667e+00
   5.8455000e+00   5.3400000e+00   4.0480000e+00   2.6595000e+00
   5.1191667e+00   4.9682778e+00   3.6899722e+00   2.4130833e+00
   4.4601667e+00   4.5841111e+00   3.3941389e+00   2.2070833e+00
   3.8760000e+00   4.2306667e+00   3.0993333e+00   1.9905000e+00
   3.3990000e+00   3.9106667e+00   2.8375833e+00   1.8057500e+00
   2.9218333e+00   3.6605556e+00   2.6176944e+00   1.6369167e+00
   2.4970000e+00   3.3340000e+00   2.4485000e+00   1.4900000e+00
   2.1473333e+00   3.0482222e+00   2.2742778e+00   1.3701667e+00
   1.8270000e+00   2.7891667e+00   2.1343333e+00   1.2140000e+00
   1.5775000e+00   2.5831667e+00   2.0283333e+00   1.0800000e+00
   1.3375000e+00   2.4620000e+00   1.9442500e+00   9.8625000e-01
   1.1523333e+00   2.3027222e+00   1.8247778e+00   8.9066667e-01
   9.6533333e-01   2.1250556e+00   1.7869444e+00   8.1216667e-01
   8.2283333e-01   1.9793889e+00   1.7261111e+00   7.4266667e-01
   7.2100000e-01   1.8506667e+00   1.6888333e+00   6.7450000e-01
   6.3116667e-01   1.7309444e+00   1.6545556e+00   6.3033333e-01
   5.5133333e-01   1.6395556e+00   1.6256944e+00   5.8141667e-01
   4.7166667e-01   1.5191111e+00   1.5866389e+00   5.4408333e-01
   3.9566667e-01   1.4057778e+00   1.5394722e+00   5.3458333e-01
   3.4116667e-01   1.2976111e+00   1.4656389e+00   4.9908333e-01
   2.9466667e-01   1.2191111e+00   1.4268889e+00   4.6883333e-01
   2.4533333e-01   1.0818889e+00   1.4048611e+00   4.5941667e-01
   2.1633333e-01   9.8905556e-01   1.3374444e+00   4.3716667e-01
   1.8416667e-01   9.0777778e-01   1.2962222e+00   4.2533333e-01
   1.5783333e-01   8.3888889e-01   1.2486111e+00   3.9716667e-01
   1.3733333e-01   7.4138889e-01   1.1758611e+00   3.8091667e-01
   1.1866667e-01   6.5344444e-01   1.1080556e+00   3.5083333e-01
   1.0250000e-01   5.7250000e-01   1.0570000e+00   3.2300000e-01
   8.7833333e-02   5.2238889e-01   9.9361111e-01   2.9416667e-01
   7.3833333e-02   4.9222222e-01   9.6402778e-01   2.8191667e-01
   6.3166667e-02   4.5511111e-01   9.1263889e-01   2.7408333e-01
   5.4500000e-02   3.9400000e-01   9.0800000e-01   2.4100000e-01
   4.4333333e-02   3.5488889e-01   8.7686111e-01   2.1991667e-01
   3.9833333e-02   3.1955556e-01   8.1169444e-01   2.0341667e-01
   3.1666667e-02   2.7527778e-01   7.5547222e-01   2.0308333e-01
   3.0166667e-02   2.5877778e-01   7.1372222e-01   1.9133333e-01
   2.4333333e-02   2.3605556e-01   6.3894444e-01   1.8466667e-01
   2.2333333e-02   2.1172222e-01   5.8752778e-01   1.7991667e-01
   1.9833333e-02   1.9822222e-01   5.4827778e-01   1.7066667e-01
   1.7333333e-02   2.0055556e-01   5.2044444e-01   1.7666667e-01
   1.7166667e-02   1.8327778e-01   4.7847222e-01   1.6258333e-01
   1.9833333e-02   1.6772222e-01   4.4027778e-01   1.4666667e-01
   1.5500000e-02   1.5600000e-01   4.0775000e-01   1.3425000e-01
   1.5000000e-02   1.4016667e-01   3.6683333e-01   1.2650000e-01
   1.3166667e-02   1.3327778e-01   3.2672222e-01   1.1083333e-01
   1.4166667e-02   1.3194444e-01   3.0380556e-01   1.0508333e-01
   1.3666667e-02   1.1294444e-01   2.6380556e-01   9.0083333e-02
   1.4166667e-02   1.0727778e-01   2.3722222e-01   9.1833333e-02
   1.3500000e-02   8.9666667e-02   2.1508333e-01   8.6250000e-02
   1.4833333e-02   8.2722222e-02   1.9602778e-01   7.6416667e-02
   1.2166667e-02   8.0944444e-02   1.7480556e-01   7.5083333e-02
   1.1333333e-02   7.1222222e-02   1.7202778e-01   6.9916667e-02
   1.0333333e-02   6.8388889e-02   1.5911111e-01   6.4166667e-02
   9.0000000e-03   6.0666667e-02   1.5733333e-01   5.9500000e-02
   7.6666667e-03   5.9444444e-02   1.4555556e-01   5.2833333e-02
   5.6666667e-03   5.8611111e-02   1.2913889e-01   4.9583333e-02
   7.5000000e-03   5.7000000e-02   1.2000000e-01   4.8000000e-02
   5.5000000e-03   4.6000000e-02   1.1500000e-01   4.0500000e-02
